47 208 820 672 608 545 123 618 395 916 926 217 930 997 391 726 361 214 210 851 878 103 236 462 279 356 92 44 160 33 80 16 775 420 281 723 513 759 838 962 606 742 499 230 170 540 898 814
18 157 283 171 195 51 780 531 759 853 89 406 560 201 104 348 566 942 143
39 884 919 535 994 130 961 665 376 587 717 198 639 745 542 590 272 119 868 504 827 140 684 317 496 235 570 946 229 745 622 925 808 940 806 622 734 43 816 265
2 344 302
11 907 542 481 495 357 149 374 250 862 531 5
48 920 831 189 34 428 941 64 920 53 215 77 219 466 690 288 823 880 610 891 967 566 510 310 618 863 203 873 56 623 63 705 791 118 130 839 294 312 75 846 742 772 47 72 128 614 904 584 413
32 243 844 229 292 213 501 536 993 70 682 826 488 786 802 201 503 256 841 891 518 137 162 986 38 676 585 930 375 604 965 350 430
39 496 289 159 814 184 120 970 871 986 645 872 161 63 849 708 728 374 867 293 506 277 379 679 127 901 378 363 488 888 285 373 278 185 750 510 949 408 85 802
14 29 586 634 816 773 517 546 512 600 262 119 633 759 177
49 600 106 66 854 805 962 565 987 468 832 311 807 700 733 706 173 378 482 731 960 428 436 367 372 899 711 555 367 410 965 123 491 107 905 890 710 820 579 381 395 850 727 357 139 461 419 364 882 121
32 237 440 80 439 89 383 61 383 352 657 379 505 314 15 329 104 589 48 944 185 998 131 452 595 378 178 128 250 203 103 415 179
7 282 324 458 186 628 963 445
30 775 457 701 655 331 831 617 732 574 733 814 993 705 372 552 156 727 588 153 767 25 478 705 535 83 585 989 342 177 419
50 857 701 653 978 152 835 24 209 382 290 373 671 729 693 527 50 200 757 669 388 359 161 794 610 267 537 466 840 705 142 386 874 377 682 588 470 974 429 235 290 699 929 720 705 563 544 526 201 553 822
48 475 289 978 179 660 188 601 413 696 503 589 588 345 282 908 151 108 103 167 988 216 729 997 863 478 230 553 76 517 289 683 809 350 534 320 28 328 259 926 645 36 720 369 426 228 86 861 402
17 50 519 965 429 603 444 252 389 28 862 395 825 650 176 442 964 170
5 49 594 14 928 483
35 930 496 607 702 127 698 371 745 238 600 855 960 831 626 264 237 710 127 631 469 388 175 89 552 311 899 492 681 157 610 124 84 23 751 224
50 215 599 592 889 335 200 671 693 861 405 79 749 496 955 718 865 654 125 357 191 114 206 627 602 692 718 828 151 457 976 386 607 642 23 149 781 640 497 449 743 393 988 655 899 965 127 823 475 0 273
29 720 650 715 591 813 823 602 471 52 27 605 774 173 167 275 868 495 402 76 839 999 971 316 148 376 180 79 507 89
9 740 393 234 906 155 149 21 889 890
44 390 796 80 170 683 672 485 113 420 342 571 681 391 51 724 909 444 786 845 167 589 861 288 812 506 873 922 426 702 906 250 727 189 826 892 196 966 451 170 359 753 836 102 87
45 817 324 496 549 723 220 632 518 895 436 26 504 525 265 800 423 100 533 129 751 646 0 945 558 410 178 356 637 846 793 824 843 640 760 672 632 878 616 75 105 759 191 218 614 160
43 215 369 40 224 939 973 780 307 970 833 538 541 22 162 669 938 727 564 931 484 694 5 921 829 362 334 198 946 852 159 345 709 962 588 312 720 571 985 961 560 171 989 362
48 423 658 580 51 523 943 363 894 81 813 445 365 900 189 462 156 829 358 289 626 935 659 274 451 615 157 992 315 460 627 641 346 432 319 943 744 561 794 998 905 60 814 742 838 27 151 979 121
41 762 122 749 904 785 17 567 149 189 471 74 276 681 113 584 182 731 201 558 537 43 667 288 467 299 629 280 791 829 877 82 339 714 233 490 22 241 176 991 953 310
32 734 724 547 42 627 847 432 911 588 995 68 20 902 94 992 423 744 829 264 863 507 867 176 435 168 274 407 559 475 299 390 792
46 751 108 627 684 927 80 740 681 597 478 581 578 910 300 604 65 429 673 674 495 197 307 253 164 561 281 960 885 191 318 114 231 295 669 398 626 960 904 719 786 473 585 325 867 966 541
27 870 963 216 348 516 379 725 824 244 484 124 39 801 350 339 701 692 757 737 416 35 913 517 746 283 527 643
41 975 608 426 432 591 131 281 6 654 968 444 732 900 991 576 450 575 486 661 849 748 960 881 149 155 443 962 54 951 113 917 236 90 735 359 255 318 969 564 381 300
43 565 153 620 127 693 863 372 238 710 745 575 887 91 548 211 249 801 289 356 120 810 966 998 100 553 703 497 802 22 643 329 42 709 460 511 26 656 962 326 498 605 740 378
42 67 301 407 480 543 344 476 266 296 980 194 445 48 230 932 684 466 205 214 108 971 113 73 414 898 353 456 839 100 891 877 123 148 207 404 829 454 675 185 195 22 416
22 533 994 21 970 245 136 797 513 853 24 897 70 527 929 528 53 325 601 892 97 27 782
40 696 864 403 971 121 686 643 817 921 307 215 123 776 845 136 776 321 942 409 775 344 885 342 598 955 677 178 273 48 612 580 514 415 25 607 500 234 185 734 235
17 203 597 931 268 297 275 808 543 105 617 739 470 897 354 727 241 544
35 93 67 205 320 856 879 870 179 912 573 74 89 880 682 971 627 449 738 79 705 195 128 803 694 973 669 528 428 260 420 617 402 650 747 986
33 268 531 839 732 593 188 806 353 98 508 415 772 615 869 623 250 65 153 210 262 779 996 884 690 655 735 699 43 521 0 354 468 709
36 292 905 685 435 551 184 105 623 966 792 952 528 107 745 981 21 144 662 92 970 247 758 823 977 612 687 624 757 587 730 5 219 679 28 743 87
8 276 257 543 205 253 838 345 214
21 812 481 835 226 509 951 924 180 862 289 499 430 488 111 306 645 426 877 695 991 308
12 835 55 970 641 475 908 479 498 345 89 853 992
13 107 215 311 524 72 982 136 409 88 389 990 410 944
8 949 669 751 306 50 278 526 745
12 960 768 981 803 869 516 43 621 847 17 422 393
45 835 153 195 609 976 236 758 638 271 708 584 956 965 566 675 917 861 737 425 774 699 639 294 462 505 449 439 231 430 548 845 989 540 922 321 241 882 375 701 877 498 423 383 2 567
16 858 707 161 44 515 54 573 780 910 193 875 125 953 859 189 719
12 181 617 699 131 322 426 869 466 10 559 47 739
46 493 957 891 882 667 314 614 156 390 581 755 738 124 994 680 732 20 885 134 446 313 238 49 246 853 378 506 433 423 461 207 734 951 716 48 235 11 110 932 102 318 962 782 843 385 70
30 339 235 57 235 628 214 193 362 944 407 491 804 713 831 728 392 293 440 861 377 184 923 251 257 389 741 914 381 838 260
22 242 634 973 606 833 568 543 361 99 895 184 986 65 637 711 551 56 440 57 406 572 797
26 646 390 645 357 96 791 233 403 868 463 909 904 255 297 275 405 919 581 624 783 95 0 469 604 982 638
7 295 989 118 45 98 95 564
13 476 852 613 971 987 455 618 139 616 682 465 246 179
21 596 490 873 858 707 203 749 709 454 90 192 456 351 298 966 545 354 698 513 961 34
9 297 446 581 37 607 593 210 253 618
30 89 218 820 574 180 966 803 717 424 511 208 344 835 180 343 76 113 373 49 209 921 579 238 84 425 274 557 465 680 328
29 947 60 140 965 437 693 925 858 406 846 720 133 811 269 561 54 757 632 786 328 568 874 55 963 848 464 190 676 718
24 861 645 507 918 769 72 602 101 988 288 150 802 215 373 396 730 239 65 388 421 600 446 773 980
2 940 532
40 831 419 263 674 489 228 666 994 50 977 894 261 713 848 54 869 707 954 62 661 520 492 39 870 71 432 257 422 407 869 78 592 134 114 465 602 182 271 11 781
34 683 353 798 887 595 803 692 465 536 409 75 607 678 402 413 567 792 180 735 446 409 861 245 889 911 273 636 260 554 852 877 183 438 842
4 668 243 34 17
45 808 516 231 967 219 938 197 159 407 956 484 509 79 56 77 812 859 672 777 246 569 68 888 896 414 275 650 561 935 457 224 937 352 913 146 634 224 451 959 381 577 729 50 97 12
19 747 710 885 419 780 425 306 811 752 214 241 417 967 17 732 873 507 795 42
29 970 623 254 698 166 844 862 956 127 380 64 781 62 247 225 965 211 284 570 451 111 148 278 588 901 878 794 829 178
25 848 431 221 334 155 445 570 464 191 310 54 507 866 285 61 565 868 150 100 820 215 401 822 233 944
43 68 418 202 187 24 768 336 821 770 912 549 4 760 96 495 870 961 687 701 749 474 151 879 194 563 988 536 572 497 533 126 530 167 499 888 241 206 248 21 676 693 706 422
26 903 496 197 945 297 571 273 701 157 670 854 251 811 94 633 929 834 66 553 827 339 51 20 776 454 917
7 618 193 424 775 903 213 769
34 87 660 963 879 114 650 376 500 174 434 528 466 269 24 880 136 113 931 296 721 734 388 578 130 668 697 540 387 734 880 277 127 716 729
35 558 458 112 97 156 105 730 67 779 754 136 906 428 840 783 830 49 272 432 571 897 16 105 496 577 195 967 273 250 562 771 269 368 917 332
8 635 461 226 616 391 393 468 335
14 471 389 386 927 319 327 909 222 571 525 421 389 282 498
43 501 728 368 1 728 102 755 549 379 238 555 80 266 860 675 386 440 932 430 199 774 58 236 171 818 762 379 364 661 26 528 552 710 712 856 9 787 754 623 319 463 176 41
35 463 276 235 941 249 800 382 575 253 237 955 659 526 729 125 224 463 114 52 568 490 780 497 490 993 533 752 420 169 387 387 18 518 567 377
5 833 811 648 694 848
38 399 619 38 55 451 843 501 666 90 695 852 419 625 179 641 715 905 328 102 61 172 360 880 998 256 313 35 154 973 736 810 657 823 291 643 223 748 582
45 549 866 175 512 155 664 344 621 183 507 688 663 554 300 156 733 36 602 48 354 358 966 530 137 104 43 452 756 117 537 241 914 965 806 409 475 519 503 924 376 607 481 749 442 711
11 225 778 60 996 907 795 799 653 527 33 142
22 330 752 816 592 265 988 337 381 531 420 935 734 722 779 103 222 50 361 154 103 383 158
18 32 459 33 68 68 426 277 241 30 561 270 70 539 759 695 384 516 702
21 621 566 221 579 649 248 431 732 468 156 12 194 286 363 453 972 264 486 818 842 369
46 562 78 454 441 314 472 8 817 95 593 348 146 484 156 890 945 713 339 37 838 47 795 861 557 758 805 516 475 957 734 79 655 368 385 417 453 271 215 925 99 584 333 905 981 823 23
26 773 592 395 705 232 517 427 880 393 404 412 34 3 103 348 937 993 153 103 315 232 661 72 554 152 650
34 408 643 15 756 123 379 318 535 501 42 603 398 157 447 870 624 74 421 452 437 304 278 131 516 265 202 969 999 486 284 718 16 207 493
11 248 807 11 872 710 534 331 93 890 769 822
30 363 196 577 707 223 614 972 945 748 473 140 756 199 8 727 76 181 165 351 104 1 768 296 154 885 88 389 948 986 406
48 959 485 695 396 329 455 615 880 697 498 102 38 669 191 527 175 877 790 105 969 535 95 208 820 357 133 587 418 351 539 553 618 50 846 915 126 46 473 808 114 394 913 914 631 635 337 825 696
40 903 452 989 568 514 827 581 674 753 83 422 960 229 754 0 429 441 119 633 594 990 53 761 37 784 271 161 36 468 951 841 563 534 621 586 563 397 241 77 29
50 353 726 873 358 958 817 147 418 743 329 131 677 613 790 999 333 228 114 930 116 414 185 854 277 578 994 978 981 361 850 658 309 850 33 538 142 146 584 51 207 376 170 21 385 429 99 509 115 148 451
49 335 380 126 935 762 753 270 607 889 367 9 111 124 232 270 293 599 172 3 341 349 901 722 37 844 676 667 705 567 513 60 287 847 215 534 949 116 826 552 24 678 998 785 189 801 568 497 106 855
8 895 305 269 128 763 134 266 140
48 739 976 430 727 346 236 318 178 649 655 325 30 570 831 74 599 836 899 983 778 18 51 571 748 383 933 167 770 397 188 927 501 382 965 423 868 16 380 512 266 614 955 599 911 19 402 370 572
19 320 484 340 444 283 69 335 489 298 553 662 124 750 472 641 227 91 884 820
17 423 634 766 155 483 137 323 528 767 307 681 132 677 981 244 308 434
26 593 808 840 957 747 432 702 720 844 817 56 889 854 852 183 560 396 352 46 259 24 13 258 875 494 574
44 70 172 170 732 809 435 144 183 231 478 787 23 742 489 366 132 36 986 983 194 260 230 450 111 578 798 809 654 578 865 483 810 606 892 55 554 787 291 831 910 528 820 338 714
5 881 860 378 34 34
21 699 762 729 13 820 244 556 322 483 520 749 312 711 890 446 272 822 652 270 163 937
28 721 522 797 308 199 88 408 300 98 971 934 772 931 971 367 535 431 674 816 207 303 491 282 932 797 259 181 537
