973 
973 

597 
597 

230 
230 

586 
586 

282 
282 

351 
351 

92 
92 

243 
243 

730 
730 

123 
123 

591 
591 

755 
755 

267 
267 

303 
303 

397 
397 

721 
721 

853 
853 

649 
649 

749 
749 

845 
845 

968 
968 

69 
69 

192 
192 

278 
278 

834 
834 

338 
338 

77 
77 

600 
600 

501 
501 

959 
959 

687 
687 

632 
632 

441 
441 

641 
641 

646 
646 

986 
986 

970 
970 

92 
92 

124 
124 

807 
807 

857 
857 

45 
45 

432 
432 

256 
256 

963 
963 

286 
286 

691 
691 

295 
295 

500 
500 

932 
932 

802 
802 

373 
373 

850 
850 

852 
852 

910 
910 

702 
702 

202 
202 

830 
830 

944 
944 

216 
216 

512 
512 

45 
45 

843 
843 

446 
446 

982 
982 

759 
759 

602 
602 

547 
547 

557 
557 

356 
356 

449 
449 

855 
855 

368 
368 

823 
823 

714 
714 

98 
98 

85 
85 

919 
919 

28 
28 

374 
374 

901 
901 

640 
640 

907 
907 

138 
138 

367 
367 

575 
575 

521 
521 

894 
894 

552 
552 

938 
938 

420 
420 

917 
917 

162 
162 

709 
709 

286 
286 

772 
772 

591 
591 

728 
728 

198 
198 

235 
235 

