208 820 672 608 545 123 618 395 916 926 217 930 997 391 726 361 214 210 851 878 103 236 462 279 356 92 44 160 33 80 16 775 420 281 723 513 759 838 962 606 742 499 230 170 540 898 814 
16 33 44 80 92 103 123 160 170 208 210 214 217 230 236 279 281 356 361 391 395 420 462 499 513 540 545 606 608 618 672 723 726 742 759 775 814 820 838 851 878 898 916 926 930 962 997 

157 283 171 195 51 780 531 759 853 89 406 560 201 104 348 566 942 143 
51 89 104 143 157 171 195 201 283 348 406 531 560 566 759 780 853 942 

884 919 535 994 130 961 665 376 587 717 198 639 745 542 590 272 119 868 504 827 140 684 317 496 235 570 946 229 745 622 925 808 940 806 622 734 43 816 265 
43 119 130 140 198 229 235 265 272 317 376 496 504 535 542 570 587 590 622 622 639 665 684 717 734 745 745 806 808 816 827 868 884 919 925 940 946 961 994 

344 302 
302 344 

907 542 481 495 357 149 374 250 862 531 5 
5 149 250 357 374 481 495 531 542 862 907 

920 831 189 34 428 941 64 920 53 215 77 219 466 690 288 823 880 610 891 967 566 510 310 618 863 203 873 56 623 63 705 791 118 130 839 294 312 75 846 742 772 47 72 128 614 904 584 413 
34 47 53 56 63 64 72 75 77 118 128 130 189 203 215 219 288 294 310 312 413 428 466 510 566 584 610 614 618 623 690 705 742 772 791 823 831 839 846 863 873 880 891 904 920 920 941 967 

243 844 229 292 213 501 536 993 70 682 826 488 786 802 201 503 256 841 891 518 137 162 986 38 676 585 930 375 604 965 350 430 
38 70 137 162 201 213 229 243 256 292 350 375 430 488 501 503 518 536 585 604 676 682 786 802 826 841 844 891 930 965 986 993 

496 289 159 814 184 120 970 871 986 645 872 161 63 849 708 728 374 867 293 506 277 379 679 127 901 378 363 488 888 285 373 278 185 750 510 949 408 85 802 
63 85 120 127 159 161 184 185 277 278 285 289 293 363 373 374 378 379 408 488 496 506 510 645 679 708 728 750 802 814 849 867 871 872 888 901 949 970 986 

29 586 634 816 773 517 546 512 600 262 119 633 759 177 
29 119 177 262 512 517 546 586 600 633 634 759 773 816 

600 106 66 854 805 962 565 987 468 832 311 807 700 733 706 173 378 482 731 960 428 436 367 372 899 711 555 367 410 965 123 491 107 905 890 710 820 579 381 395 850 727 357 139 461 419 364 882 121 
66 106 107 121 123 139 173 311 357 364 367 367 372 378 381 395 410 419 428 436 461 468 482 491 555 565 579 600 700 706 710 711 727 731 733 805 807 820 832 850 854 882 890 899 905 960 962 965 987 

237 440 80 439 89 383 61 383 352 657 379 505 314 15 329 104 589 48 944 185 998 131 452 595 378 178 128 250 203 103 415 179 
15 48 61 80 89 103 104 128 131 178 179 185 203 237 250 314 329 352 378 379 383 383 415 439 440 452 505 589 595 657 944 998 

282 324 458 186 628 963 445 
186 282 324 445 458 628 963 

775 457 701 655 331 831 617 732 574 733 814 993 705 372 552 156 727 588 153 767 25 478 705 535 83 585 989 342 177 419 
25 83 153 156 177 331 342 372 419 457 478 535 552 574 585 588 617 655 701 705 705 727 732 733 767 775 814 831 989 993 

857 701 653 978 152 835 24 209 382 290 373 671 729 693 527 50 200 757 669 388 359 161 794 610 267 537 466 840 705 142 386 874 377 682 588 470 974 429 235 290 699 929 720 705 563 544 526 201 553 822 
24 50 142 152 161 200 201 209 235 267 290 290 359 373 377 382 386 388 429 466 470 526 527 537 544 553 563 588 610 653 669 671 682 693 699 701 705 705 720 729 757 794 822 835 840 857 874 929 974 978 

475 289 978 179 660 188 601 413 696 503 589 588 345 282 908 151 108 103 167 988 216 729 997 863 478 230 553 76 517 289 683 809 350 534 320 28 328 259 926 645 36 720 369 426 228 86 861 402 
28 36 76 86 103 108 151 167 179 188 216 228 230 259 282 289 289 320 328 345 350 369 402 413 426 475 478 503 517 534 553 588 589 601 645 660 683 696 720 729 809 861 863 908 926 978 988 997 

50 519 965 429 603 444 252 389 28 862 395 825 650 176 442 964 170 
28 50 170 176 252 389 395 429 442 444 519 603 650 825 862 964 965 

49 594 14 928 483 
14 49 483 594 928 

930 496 607 702 127 698 371 745 238 600 855 960 831 626 264 237 710 127 631 469 388 175 89 552 311 899 492 681 157 610 124 84 23 751 224 
23 84 89 124 127 127 157 175 224 237 238 264 311 371 388 469 492 496 552 600 607 610 626 631 681 698 702 710 745 751 831 855 899 930 960 

215 599 592 889 335 200 671 693 861 405 79 749 496 955 718 865 654 125 357 191 114 206 627 602 692 718 828 151 457 976 386 607 642 23 149 781 640 497 449 743 393 988 655 899 965 127 823 475 0 273 
0 23 79 114 125 127 149 151 191 200 206 215 273 335 357 386 393 405 449 457 475 496 497 592 599 602 607 627 640 642 654 655 671 692 693 718 718 743 749 781 823 828 861 865 889 899 955 965 976 988 

720 650 715 591 813 823 602 471 52 27 605 774 173 167 275 868 495 402 76 839 999 971 316 148 376 180 79 507 89 
27 52 76 79 89 148 167 173 180 275 316 376 402 471 495 507 591 602 605 650 715 720 774 813 823 839 868 971 999 

740 393 234 906 155 149 21 889 890 
21 149 155 234 393 740 889 890 906 

390 796 80 170 683 672 485 113 420 342 571 681 391 51 724 909 444 786 845 167 589 861 288 812 506 873 922 426 702 906 250 727 189 826 892 196 966 451 170 359 753 836 102 87 
51 80 87 102 113 167 170 170 189 196 250 288 342 359 390 391 420 426 444 451 485 506 571 589 672 681 683 702 724 727 753 786 796 812 826 836 845 861 873 892 906 909 922 966 

817 324 496 549 723 220 632 518 895 436 26 504 525 265 800 423 100 533 129 751 646 0 945 558 410 178 356 637 846 793 824 843 640 760 672 632 878 616 75 105 759 191 218 614 160 
0 26 75 100 105 129 160 178 191 218 220 265 324 356 410 423 436 496 504 518 525 533 549 558 614 616 632 632 637 640 646 672 723 751 759 760 793 800 817 824 843 846 878 895 945 

215 369 40 224 939 973 780 307 970 833 538 541 22 162 669 938 727 564 931 484 694 5 921 829 362 334 198 946 852 159 345 709 962 588 312 720 571 985 961 560 171 989 362 
5 22 40 159 162 171 198 215 224 307 312 334 345 362 362 369 484 538 541 560 564 571 588 669 694 709 720 727 780 829 833 852 921 931 938 939 946 961 962 970 973 985 989 

423 658 580 51 523 943 363 894 81 813 445 365 900 189 462 156 829 358 289 626 935 659 274 451 615 157 992 315 460 627 641 346 432 319 943 744 561 794 998 905 60 814 742 838 27 151 979 121 
27 51 60 81 121 151 156 157 189 274 289 315 319 346 358 363 365 423 432 445 451 460 462 523 561 580 615 626 627 641 658 659 742 744 794 813 814 829 838 894 900 905 935 943 943 979 992 998 

762 122 749 904 785 17 567 149 189 471 74 276 681 113 584 182 731 201 558 537 43 667 288 467 299 629 280 791 829 877 82 339 714 233 490 22 241 176 991 953 310 
17 22 43 74 82 113 122 149 176 182 189 201 233 241 276 280 288 299 310 339 467 471 490 537 558 567 584 629 667 681 714 731 749 762 785 791 829 877 904 953 991 

734 724 547 42 627 847 432 911 588 995 68 20 902 94 992 423 744 829 264 863 507 867 176 435 168 274 407 559 475 299 390 792 
20 42 68 94 168 176 264 274 299 390 407 423 432 435 475 507 547 559 588 627 724 734 744 792 829 847 863 867 902 911 992 995 

751 108 627 684 927 80 740 681 597 478 581 578 910 300 604 65 429 673 674 495 197 307 253 164 561 281 960 885 191 318 114 231 295 669 398 626 960 904 719 786 473 585 325 867 966 541 
65 80 108 114 164 191 197 231 253 281 295 300 307 318 325 398 429 473 478 495 541 561 578 581 585 597 604 626 627 669 673 674 681 684 719 740 751 786 867 885 904 910 927 960 960 966 

870 963 216 348 516 379 725 824 244 484 124 39 801 350 339 701 692 757 737 416 35 913 517 746 283 527 643 
35 39 124 216 244 283 339 348 350 379 416 484 516 517 527 643 692 701 725 737 746 757 801 824 870 913 963 

975 608 426 432 591 131 281 6 654 968 444 732 900 991 576 450 575 486 661 849 748 960 881 149 155 443 962 54 951 113 917 236 90 735 359 255 318 969 564 381 300 
6 54 90 113 131 149 155 236 255 281 300 318 359 381 426 432 443 444 450 486 564 575 576 591 608 654 661 732 735 748 849 881 900 917 951 960 962 968 969 975 991 

565 153 620 127 693 863 372 238 710 745 575 887 91 548 211 249 801 289 356 120 810 966 998 100 553 703 497 802 22 643 329 42 709 460 511 26 656 962 326 498 605 740 378 
22 26 42 91 100 120 127 153 211 238 249 289 326 329 356 372 378 460 497 498 511 548 553 565 575 605 620 643 656 693 703 709 710 740 745 801 802 810 863 887 962 966 998 

67 301 407 480 543 344 476 266 296 980 194 445 48 230 932 684 466 205 214 108 971 113 73 414 898 353 456 839 100 891 877 123 148 207 404 829 454 675 185 195 22 416 
22 48 67 73 100 108 113 123 148 185 194 195 205 207 214 230 266 296 301 344 353 404 407 414 416 445 454 456 466 476 480 543 675 684 829 839 877 891 898 932 971 980 

533 994 21 970 245 136 797 513 853 24 897 70 527 929 528 53 325 601 892 97 27 782 
21 24 27 53 70 97 136 245 325 513 527 528 533 601 782 797 853 892 897 929 970 994 

696 864 403 971 121 686 643 817 921 307 215 123 776 845 136 776 321 942 409 775 344 885 342 598 955 677 178 273 48 612 580 514 415 25 607 500 234 185 734 235 
25 48 121 123 136 178 185 215 234 235 273 307 321 342 344 403 409 415 500 514 580 598 607 612 643 677 686 696 734 775 776 776 817 845 864 885 921 942 955 971 

203 597 931 268 297 275 808 543 105 617 739 470 897 354 727 241 544 
105 203 241 268 275 297 354 470 543 544 597 617 727 739 808 897 931 

93 67 205 320 856 879 870 179 912 573 74 89 880 682 971 627 449 738 79 705 195 128 803 694 973 669 528 428 260 420 617 402 650 747 986 
67 74 79 89 93 128 179 195 205 260 320 402 420 428 449 528 573 617 627 650 669 682 694 705 738 747 803 856 870 879 880 912 971 973 986 

268 531 839 732 593 188 806 353 98 508 415 772 615 869 623 250 65 153 210 262 779 996 884 690 655 735 699 43 521 0 354 468 709 
0 43 65 98 153 188 210 250 262 268 353 354 415 468 508 521 531 593 615 623 655 690 699 709 732 735 772 779 806 839 869 884 996 

292 905 685 435 551 184 105 623 966 792 952 528 107 745 981 21 144 662 92 970 247 758 823 977 612 687 624 757 587 730 5 219 679 28 743 87 
5 21 28 87 92 105 107 144 184 219 247 292 435 528 551 587 612 623 624 662 679 685 687 730 743 745 757 758 792 823 905 952 966 970 977 981 

276 257 543 205 253 838 345 214 
205 214 253 257 276 345 543 838 

812 481 835 226 509 951 924 180 862 289 499 430 488 111 306 645 426 877 695 991 308 
111 180 226 289 306 308 426 430 481 488 499 509 645 695 812 835 862 877 924 951 991 

835 55 970 641 475 908 479 498 345 89 853 992 
55 89 345 475 479 498 641 835 853 908 970 992 

107 215 311 524 72 982 136 409 88 389 990 410 944 
72 88 107 136 215 311 389 409 410 524 944 982 990 

949 669 751 306 50 278 526 745 
50 278 306 526 669 745 751 949 

960 768 981 803 869 516 43 621 847 17 422 393 
17 43 393 422 516 621 768 803 847 869 960 981 

835 153 195 609 976 236 758 638 271 708 584 956 965 566 675 917 861 737 425 774 699 639 294 462 505 449 439 231 430 548 845 989 540 922 321 241 882 375 701 877 498 423 383 2 567 
2 153 195 231 236 241 271 294 321 375 383 423 425 430 439 449 462 498 505 540 548 566 567 584 609 638 639 675 699 701 708 737 758 774 835 845 861 877 882 917 922 956 965 976 989 

858 707 161 44 515 54 573 780 910 193 875 125 953 859 189 719 
44 54 125 161 189 193 515 573 707 719 780 858 859 875 910 953 

181 617 699 131 322 426 869 466 10 559 47 739 
10 47 131 181 322 426 466 559 617 699 739 869 

493 957 891 882 667 314 614 156 390 581 755 738 124 994 680 732 20 885 134 446 313 238 49 246 853 378 506 433 423 461 207 734 951 716 48 235 11 110 932 102 318 962 782 843 385 70 
11 20 48 49 70 102 110 124 134 156 207 235 238 246 313 314 318 378 385 390 423 433 446 461 493 506 581 614 667 680 716 732 734 738 755 782 843 853 882 885 891 932 951 957 962 994 

339 235 57 235 628 214 193 362 944 407 491 804 713 831 728 392 293 440 861 377 184 923 251 257 389 741 914 381 838 260 
57 184 193 214 235 235 251 257 260 293 339 362 377 381 389 392 407 440 491 628 713 728 741 804 831 838 861 914 923 944 

242 634 973 606 833 568 543 361 99 895 184 986 65 637 711 551 56 440 57 406 572 797 
56 57 65 99 184 242 361 406 440 543 551 568 572 606 634 637 711 797 833 895 973 986 

646 390 645 357 96 791 233 403 868 463 909 904 255 297 275 405 919 581 624 783 95 0 469 604 982 638 
0 95 96 233 255 275 297 357 390 403 405 463 469 581 604 624 638 645 646 783 791 868 904 909 919 982 

295 989 118 45 98 95 564 
45 95 98 118 295 564 989 

476 852 613 971 987 455 618 139 616 682 465 246 179 
139 179 246 455 465 476 613 616 618 682 852 971 987 

596 490 873 858 707 203 749 709 454 90 192 456 351 298 966 545 354 698 513 961 34 
34 90 192 203 298 351 354 454 456 490 513 545 596 698 707 709 749 858 873 961 966 

297 446 581 37 607 593 210 253 618 
37 210 253 297 446 581 593 607 618 

89 218 820 574 180 966 803 717 424 511 208 344 835 180 343 76 113 373 49 209 921 579 238 84 425 274 557 465 680 328 
49 76 84 89 113 180 180 208 209 218 238 274 328 343 344 373 424 425 465 511 557 574 579 680 717 803 820 835 921 966 

947 60 140 965 437 693 925 858 406 846 720 133 811 269 561 54 757 632 786 328 568 874 55 963 848 464 190 676 718 
54 55 60 133 140 190 269 328 406 437 464 561 568 632 676 693 718 720 757 786 811 846 848 858 874 925 947 963 965 

861 645 507 918 769 72 602 101 988 288 150 802 215 373 396 730 239 65 388 421 600 446 773 980 
65 72 101 150 215 239 288 373 388 396 421 446 507 600 602 645 730 769 773 802 861 918 980 988 

940 532 
532 940 

831 419 263 674 489 228 666 994 50 977 894 261 713 848 54 869 707 954 62 661 520 492 39 870 71 432 257 422 407 869 78 592 134 114 465 602 182 271 11 781 
11 39 50 54 62 71 78 114 134 182 228 257 261 263 271 407 419 422 432 465 489 492 520 592 602 661 666 674 707 713 781 831 848 869 869 870 894 954 977 994 

683 353 798 887 595 803 692 465 536 409 75 607 678 402 413 567 792 180 735 446 409 861 245 889 911 273 636 260 554 852 877 183 438 842 
75 180 183 245 260 273 353 402 409 409 413 438 446 465 536 554 567 595 607 636 678 683 692 735 792 798 803 842 852 861 877 887 889 911 

668 243 34 17 
17 34 243 668 

808 516 231 967 219 938 197 159 407 956 484 509 79 56 77 812 859 672 777 246 569 68 888 896 414 275 650 561 935 457 224 937 352 913 146 634 224 451 959 381 577 729 50 97 12 
12 50 56 68 77 79 97 146 159 197 219 224 224 231 246 275 352 381 407 414 451 457 484 509 516 561 569 577 634 650 672 729 777 808 812 859 888 896 913 935 937 938 956 959 967 

747 710 885 419 780 425 306 811 752 214 241 417 967 17 732 873 507 795 42 
17 42 214 241 306 417 419 425 507 710 732 747 752 780 795 811 873 885 967 

970 623 254 698 166 844 862 956 127 380 64 781 62 247 225 965 211 284 570 451 111 148 278 588 901 878 794 829 178 
62 64 111 127 148 166 178 211 225 247 254 278 284 380 451 570 588 623 698 781 794 829 844 862 878 901 956 965 970 

848 431 221 334 155 445 570 464 191 310 54 507 866 285 61 565 868 150 100 820 215 401 822 233 944 
54 61 100 150 155 191 215 221 233 285 310 334 401 431 445 464 507 565 570 820 822 848 866 868 944 

68 418 202 187 24 768 336 821 770 912 549 4 760 96 495 870 961 687 701 749 474 151 879 194 563 988 536 572 497 533 126 530 167 499 888 241 206 248 21 676 693 706 422 
4 21 24 68 96 126 151 167 187 194 202 206 241 248 336 418 422 474 495 497 499 530 533 536 549 563 572 676 687 693 701 706 749 760 768 770 821 870 879 888 912 961 988 

903 496 197 945 297 571 273 701 157 670 854 251 811 94 633 929 834 66 553 827 339 51 20 776 454 917 
20 51 66 94 157 197 251 273 297 339 454 496 553 571 633 670 701 776 811 827 834 854 903 917 929 945 

618 193 424 775 903 213 769 
193 213 424 618 769 775 903 

87 660 963 879 114 650 376 500 174 434 528 466 269 24 880 136 113 931 296 721 734 388 578 130 668 697 540 387 734 880 277 127 716 729 
24 87 113 114 127 130 136 174 269 277 296 376 387 388 434 466 500 528 540 578 650 660 668 697 716 721 729 734 734 879 880 880 931 963 

558 458 112 97 156 105 730 67 779 754 136 906 428 840 783 830 49 272 432 571 897 16 105 496 577 195 967 273 250 562 771 269 368 917 332 
16 49 67 97 105 105 112 136 156 195 250 269 272 273 332 368 428 432 458 496 558 562 571 577 730 754 771 779 783 830 840 897 906 917 967 

635 461 226 616 391 393 468 335 
226 335 391 393 461 468 616 635 

471 389 386 927 319 327 909 222 571 525 421 389 282 498 
222 282 319 327 386 389 389 421 471 498 525 571 909 927 

501 728 368 1 728 102 755 549 379 238 555 80 266 860 675 386 440 932 430 199 774 58 236 171 818 762 379 364 661 26 528 552 710 712 856 9 787 754 623 319 463 176 41 
1 9 26 41 58 80 102 171 176 199 236 238 266 319 364 368 379 379 386 430 440 463 501 528 549 552 555 623 661 675 710 712 728 728 754 755 762 774 787 818 856 860 932 

463 276 235 941 249 800 382 575 253 237 955 659 526 729 125 224 463 114 52 568 490 780 497 490 993 533 752 420 169 387 387 18 518 567 377 
18 52 114 125 169 224 235 237 249 253 276 377 382 387 387 420 463 463 490 490 497 518 526 533 567 568 575 659 729 752 780 800 941 955 993 

833 811 648 694 848 
648 694 811 833 848 

399 619 38 55 451 843 501 666 90 695 852 419 625 179 641 715 905 328 102 61 172 360 880 998 256 313 35 154 973 736 810 657 823 291 643 223 748 582 
35 38 55 61 90 102 154 172 179 223 256 291 313 328 360 399 419 451 501 582 619 625 641 643 657 666 695 715 736 748 810 823 843 852 880 905 973 998 

549 866 175 512 155 664 344 621 183 507 688 663 554 300 156 733 36 602 48 354 358 966 530 137 104 43 452 756 117 537 241 914 965 806 409 475 519 503 924 376 607 481 749 442 711 
36 43 48 104 117 137 155 156 175 183 241 300 344 354 358 376 409 442 452 475 481 503 507 512 519 530 537 549 554 602 607 621 663 664 688 711 733 749 756 806 866 914 924 965 966 

225 778 60 996 907 795 799 653 527 33 142 
33 60 142 225 527 653 778 795 799 907 996 

330 752 816 592 265 988 337 381 531 420 935 734 722 779 103 222 50 361 154 103 383 158 
50 103 103 154 158 222 265 330 337 361 381 383 420 531 592 722 734 752 779 816 935 988 

32 459 33 68 68 426 277 241 30 561 270 70 539 759 695 384 516 702 
30 32 33 68 68 70 241 270 277 384 426 459 516 539 561 695 702 759 

621 566 221 579 649 248 431 732 468 156 12 194 286 363 453 972 264 486 818 842 369 
12 156 194 221 248 264 286 363 369 431 453 468 486 566 579 621 649 732 818 842 972 

562 78 454 441 314 472 8 817 95 593 348 146 484 156 890 945 713 339 37 838 47 795 861 557 758 805 516 475 957 734 79 655 368 385 417 453 271 215 925 99 584 333 905 981 823 23 
8 23 37 47 78 79 95 99 146 156 215 271 314 333 339 348 368 385 417 441 453 454 472 475 484 516 557 562 584 593 655 713 734 758 795 805 817 823 838 861 890 905 925 945 957 981 

773 592 395 705 232 517 427 880 393 404 412 34 3 103 348 937 993 153 103 315 232 661 72 554 152 650 
3 34 72 103 103 152 153 232 232 315 348 393 395 404 412 427 517 554 592 650 661 705 773 880 937 993 

408 643 15 756 123 379 318 535 501 42 603 398 157 447 870 624 74 421 452 437 304 278 131 516 265 202 969 999 486 284 718 16 207 493 
15 16 42 74 123 131 157 202 207 265 278 284 304 318 379 398 408 421 437 447 452 486 493 501 516 535 603 624 643 718 756 870 969 999 

248 807 11 872 710 534 331 93 890 769 822 
11 93 248 331 534 710 769 807 822 872 890 

363 196 577 707 223 614 972 945 748 473 140 756 199 8 727 76 181 165 351 104 1 768 296 154 885 88 389 948 986 406 
1 8 76 88 104 140 154 165 181 196 199 223 296 351 363 389 406 473 577 614 707 727 748 756 768 885 945 948 972 986 

959 485 695 396 329 455 615 880 697 498 102 38 669 191 527 175 877 790 105 969 535 95 208 820 357 133 587 418 351 539 553 618 50 846 915 126 46 473 808 114 394 913 914 631 635 337 825 696 
38 46 50 95 102 105 114 126 133 175 191 208 329 337 351 357 394 396 418 455 473 485 498 527 535 539 553 587 615 618 631 635 669 695 696 697 790 808 820 825 846 877 880 913 914 915 959 969 

903 452 989 568 514 827 581 674 753 83 422 960 229 754 0 429 441 119 633 594 990 53 761 37 784 271 161 36 468 951 841 563 534 621 586 563 397 241 77 29 
0 29 36 37 53 77 83 119 161 229 241 271 397 422 429 441 452 468 514 534 563 563 568 581 586 594 621 633 674 753 754 761 784 827 841 903 951 960 989 990 

353 726 873 358 958 817 147 418 743 329 131 677 613 790 999 333 228 114 930 116 414 185 854 277 578 994 978 981 361 850 658 309 850 33 538 142 146 584 51 207 376 170 21 385 429 99 509 115 148 451 
21 33 51 99 114 115 116 131 142 146 147 148 170 185 207 228 277 309 329 333 353 358 361 376 385 414 418 429 451 509 538 578 584 613 658 677 726 743 790 817 850 850 854 873 930 958 978 981 994 999 

335 380 126 935 762 753 270 607 889 367 9 111 124 232 270 293 599 172 3 341 349 901 722 37 844 676 667 705 567 513 60 287 847 215 534 949 116 826 552 24 678 998 785 189 801 568 497 106 855 
3 9 24 37 60 106 111 116 124 126 172 189 215 232 270 270 287 293 335 341 349 367 380 497 513 534 552 567 568 599 607 667 676 678 705 722 753 762 785 801 826 844 847 855 889 901 935 949 998 

895 305 269 128 763 134 266 140 
128 134 140 266 269 305 763 895 

739 976 430 727 346 236 318 178 649 655 325 30 570 831 74 599 836 899 983 778 18 51 571 748 383 933 167 770 397 188 927 501 382 965 423 868 16 380 512 266 614 955 599 911 19 402 370 572 
16 18 19 30 51 74 167 178 188 236 266 318 325 346 370 380 382 383 397 402 423 430 501 512 570 571 572 599 599 614 649 655 727 739 748 770 778 831 836 868 899 911 927 933 955 965 976 983 

320 484 340 444 283 69 335 489 298 553 662 124 750 472 641 227 91 884 820 
69 91 124 227 283 298 320 335 340 444 472 484 489 553 641 662 750 820 884 

423 634 766 155 483 137 323 528 767 307 681 132 677 981 244 308 434 
132 137 155 244 307 308 323 423 434 483 528 634 677 681 766 767 981 

593 808 840 957 747 432 702 720 844 817 56 889 854 852 183 560 396 352 46 259 24 13 258 875 494 574 
13 24 46 56 183 258 259 352 396 432 494 560 574 593 702 720 747 808 817 840 844 852 854 875 889 957 

70 172 170 732 809 435 144 183 231 478 787 23 742 489 366 132 36 986 983 194 260 230 450 111 578 798 809 654 578 865 483 810 606 892 55 554 787 291 831 910 528 820 338 714 
23 36 55 70 111 132 144 170 172 183 194 230 231 260 291 338 366 435 450 478 483 489 528 554 578 578 606 654 714 732 742 787 787 798 809 809 810 820 831 865 892 910 983 986 

881 860 378 34 34 
34 34 378 860 881 

699 762 729 13 820 244 556 322 483 520 749 312 711 890 446 272 822 652 270 163 937 
13 163 244 270 272 312 322 446 483 520 556 652 699 711 729 749 762 820 822 890 937 

721 522 797 308 199 88 408 300 98 971 934 772 931 971 367 535 431 674 816 207 303 491 282 932 797 259 181 537 
88 98 181 199 207 259 282 300 303 308 367 408 431 491 522 535 537 674 721 772 797 797 816 931 932 934 971 971 

