-2518 -4039 -258 166 -8432 -9365 7300 -1392 3804 -7014 5616 -7145 9329 1909 -2087 -7880 -2256 -4188 -6156 720 4475 6644 9376 2301 -4364 7667 9067 1148 8932 -9531 -6766 -3586 -7217 -672 6580 -5649 -37 3880 -689 -9881 3218 
-8721 -7025 2547 3188 888 1019 7285 6700 1215 -1995 -2472 -5788 -6267 9829 -152 7752 8896 -9004 6684 5718 -9418 9450 8501 -90 6030 9204 6226 -3738 -1484 6345 9481 -205 9320 -1620 9336 -3440 9400 6621 9613 615 -9022 
-6507 1179 -8937 -6678 -8973 8815 8571 8375 1852 641 8957 1302 -858 -4780 -6315 -5302 -8554 -3701 3214 7791 -4220 9362 3464 513 8698 6376 -87 1671 5989 6880 -999 9482 -1940 64 9157 -4561 -4769 4080 -6185 3435 -5279 
-7228 -8910 215 -5656 -5225 4913 -4210 1074 -5520 -6418 3207 -6158 3398 -6280 8892 -226 -15 563 -7884 -6783 9564 7950 -2371 -4020 7107 3069 1211 -2461 6884 -5353 -1388 6008 -7911 8827 -9647 -3136 93 -7505 4290 925 -3923 
-6151 4767 5827 -2431 3659 -4398 3906 -9426 -2282 7124 -9862 -4332 -5247 -3882 9128 7822 3681 -3333 1058 8328 5280 -6581 6769 459 -9876 -6367 6904 -7381 4276 -2171 -4951 8125 8948 -9124 -7953 2607 -3522 5953 3181 548 -571 
-329 6217 4183 5789 1697 -1643 -4177 8364 9416 -9497 -4 -7165 7273 6808 9311 7258 3712 -8070 1534 -8458 -3021 -3988 -9510 -5792 -1941 -550 -2962 -9636 8983 7587 -206 -1345 156 -6023 -9204 -8147 -1314 -3381 6569 -1898 -2877 
-7082 -2711 -5604 6078 -3400 -8346 -210 -5117 -459 -2316 1862 5553 -5473 2422 9964 3977 9461 6680 -688 7048 -3526 4319 -6444 -3197 1468 -8239 1842 8087 4682 9944 -8438 7600 -6414 -7690 3678 -3462 -9683 9821 1421 -3790 -2495 
9636 8115 -1616 2058 4431 8713 1519 1111 -1974 -5081 3938 -7655 -1525 7093 3813 -3412 -1065 -1747 -8729 -4768 -3833 5223 -1182 -5170 -4746 5356 -4853 -4925 -3222 -2291 -1068 -7234 -4176 7317 4824 -9745 6030 -3656 1366 -9592 -2385 
-8344 -7246 2443 8750 2919 9031 -5963 7524 6654 -731 -6308 1878 4439 -1478 7132 -204 21 -7793 2926 7730 1139 5692 9906 -5192 -3132 -9839 -9161 -436 -2121 -8753 7180 -4112 -9647 -377 -5362 -375 -4994 -4973 -2851 -8339 4297 
-2807 3539 -4912 5715 671 1236 -7912 -770 -5838 6170 6721 6206 6076 -8470 9427 2589 8721 -1009 -9531 6320 -3829 -3643 6674 2146 -2653 -3701 7153 2374 -200 8814 -6977 6994 -1295 -1888 -939 5728 5700 1150 -5042 9863 -2680 
8031 2421 9749 9561 -1800 2338 8282 7192 -841 955 -6637 5516 -2371 1862 9215 280 -985 -2058 -9920 -5819 965 3426 2886 5429 -7512 -5034 1130 -10 -76 -2655 3662 -2045 6118 3411 -6131 -5681 -4250 8503 7863 1261 -542 
7578 -3222 3439 -560 -7655 -9929 8455 287 -9848 8988 7605 -70 -1774 -614 2418 3192 6868 -7592 9468 -9435 6071 -6224 6684 -4166 -2355 7355 -2064 -7500 1570 9198 1959 -852 -7672 -8250 8589 -5327 -8178 3396 4961 8326 2385 
-1082 -1744 -9389 8304 -9325 156 5173 9435 -376 5738 1858 3400 -1226 7693 7397 -7519 -4371 9898 4051 -5173 1857 -6800 -2845 3607 8141 -1819 1781 1537 -6858 107 -6078 2060 8364 -9114 -3284 5391 1042 -8111 4826 -9334 3980 
-3315 419 -7246 -5622 -2184 -8412 -3641 -2286 1991 1187 5923 5191 4694 -4117 3332 -7125 7664 -8778 -7631 -2228 -4856 781 -3864 -3970 7498 -8473 3424 9387 2705 4091 -281 5742 -5490 -1174 -9880 -1322 414 -7168 6393 -7595 371 
-1332 3949 -4935 4551 -6367 -5707 -1432 -5145 -3338 6340 -3648 7444 8828 -1266 1294 6707 -7841 681 -4236 2602 6753 -8493 3464 -4421 7979 -7858 2345 -9189 4887 4750 1182 -6444 -4949 2600 4459 -4963 6893 -6973 -108 9907 5719 
2596 7351 899 -8669 -1355 -2394 -6510 5679 -277 6092 2432 1230 -4092 4363 -791 -1950 -3292 -3627 -7062 7810 7555 -7154 -7138 155 3657 -2101 -6600 3037 4143 -6692 -1244 -6908 7011 6008 -5577 -7991 9966 -5735 7688 -311 6709 
-3528 -9081 -7383 7187 -3519 -2981 -6105 2854 -3691 -8295 409 -845 -9081 6917 9165 -4830 -9683 2202 5666 9977 7310 8758 6989 3318 9533 8998 3285 -6202 3038 -7026 6859 5862 -9754 5828 3049 -3273 -7153 3296 5933 -843 5001 
-7306 8312 2273 9611 7477 7443 6281 -3969 -539 6258 -6658 -1781 -401 6660 -2248 -1403 -3703 -2098 7987 -4376 -8887 3849 -4130 6941 -6750 -1051 9789 6546 -5118 -1054 -2100 -2424 -6390 -9827 -6460 7440 3968 6173 -6529 -6570 2431 
-3187 -1999 8383 9826 2106 -3020 -3877 -9992 -5032 1747 7474 5169 3969 4415 8420 9270 4204 1318 -9496 9502 9218 -5567 -6887 5743 -2027 6905 -3936 -5854 -9624 -4154 2929 -6458 3847 1312 9720 -7695 4645 -7805 -7686 5965 3943 
6140 1134 -5736 555 -4094 -6465 -5240 7225 -9609 -9386 2795 -5176 -6273 -5109 2797 6984 955 3295 7361 6801 -7423 7255 -3000 241 6975 -694 -5114 9170 -2028 -9149 -535 -5888 -1662 82 1019 596 -31 2131 -5827 360 2746 
6969 5185 2825 -8140 -5666 -190 -833 3982 -6477 -7680 6559 7130 -4328 -3200 457 4978 -1961 -4021 9302 -4758 5445 9766 -68 -8121 786 -9471 -1800 -7083 -5298 8560 5663 8023 97 -5159 6235 784 4651 -4598 -5234 4526 -2278 
-8675 1656 -253 -5523 -7887 -8923 2516 -1908 -9620 4111 9889 -9854 -5957 -8232 -2716 -5428 -32 202 -725 -5119 -7783 -6350 1330 -2942 9886 -7886 8061 -4712 -3120 2587 -637 -5443 -5757 9110 -4613 -3644 -9813 7903 4449 6919 2014 
4338 3418 2410 2459 -9298 6982 8779 -2744 -7391 -6340 -526 -3740 4991 2884 -3854 3457 946 -2214 -9662 -6467 3501 -8753 -2223 2611 -3366 485 -849 -9110 -5066 -7578 -744 5625 5840 -8334 -5564 2895 5001 -6785 -9849 7610 -6772 
-4023 -9778 4571 8862 -7280 -1972 -192 507 -5282 -307 -5992 -7682 3822 2972 -4696 -5692 8475 -7454 -4406 -9103 1803 7571 6738 -179 -7993 -367 -5178 -8425 -3864 8785 -8845 2114 5359 2078 -2672 8080 6458 3488 -1413 7529 -6819 
-1053 9847 7004 -8081 -4849 7664 6746 -2302 -6742 7644 5853 -9170 734 -7974 9189 6719 -6799 7116 -7145 -8014 4623 1321 7345 -3299 8649 5425 -6840 2137 -9636 -9311 1671 -4336 -9464 -4973 -6065 -7961 -7309 -9318 -3911 -7699 8326 
8294 9483 -4588 -9679 5025 -7869 -6478 2141 -8662 -8140 -3235 2660 9205 3466 -2339 983 2978 9799 -2301 3667 -2178 3363 555 2849 7299 -1053 1892 7981 1388 4193 2659 -317 3677 8071 4 -1298 6554 -122 7195 7892 1738 
-6040 552 -2705 3779 8214 4630 -6891 4365 -7670 6777 -7813 5693 -6316 1388 -656 2631 -6720 -2675 -5980 7473 6336 55 -2498 4407 6411 6204 961 -3711 -248 -4794 4379 3712 2110 -8326 -6157 324 6305 -3047 -8959 8635 -9918 
9580 680 -6234 968 -9975 2750 600 -6298 3122 -1926 -9961 -6823 1928 798 5940 -1867 8112 -7771 7885 -6682 2960 -2051 5428 4634 -1855 -7895 -2709 1450 9498 -7722 -2116 9079 2959 -1998 -3601 -664 -9248 7000 -610 226 -8574 
-571 -245 3354 -9772 -4305 7839 4692 -5724 2076 8010 7236 6378 -210 1871 -5477 1895 5514 2325 1394 7793 -9791 -3175 -2896 -1789 3224 2792 -4684 -3424 -7818 5542 -5646 -2036 -4702 7709 -1808 -2655 1900 -7116 1622 -6023 7246 
-1142 6707 -2964 7081 -8770 8932 2596 -93 -3322 -3259 116 3503 197 4679 -6921 -7011 9995 -3992 -4829 1890 362 3135 7188 -1929 7679 -9115 6324 6915 2507 -9699 513 -8634 7008 7550 4799 4590 2834 -6253 -9151 9512 488 
-2683 -633 7037 -8004 -1202 -9974 8344 4806 -8450 234 -4831 1037 -6226 -408 -4931 -5341 -4084 8336 7167 -7431 -1150 4885 5929 -3600 -3964 519 5586 -216 -2280 1450 6624 5037 7169 3662 7034 -4033 40 1730 7126 -2058 -8036 
-7705 8980 -7910 -1761 -9599 -3251 4156 8737 -9732 3077 -6061 1505 -993 339 3894 5878 -7723 -6322 -6401 3727 6654 8636 896 -3332 2022 3216 3061 -6248 342 -8997 -4284 -1011 6335 -5842 7228 6736 -2740 -2264 1826 -6120 -9186 
5765 5386 -179 -7543 -4368 -4301 -5266 -4338 -4350 4814 -7684 -5713 -7938 -4663 6309 5278 8398 -9938 -8028 9401 -7870 961 2089 -3711 -5458 -1175 -99 2278 7003 3781 -556 2769 -4481 5617 1578 1151 7669 6312 6813 -6681 -2522 
9130 -2394 -459 -9181 -9732 -5181 9217 -9670 -3208 4970 8812 4105 -2941 -8547 8647 2237 1354 -2722 -760 -8512 6722 8361 -2993 2340 -61 8159 9 -7396 4972 -320 -3566 454 7287 5975 -2375 7555 -9205 -3158 4237 -6061 -8187 
-599 8044 -1128 855 3044 7461 8561 -9678 -3298 -9951 3396 -8585 -6591 -7912 -2293 -8432 -1551 -3337 2892 8130 3097 9699 1769 -927 -2676 -676 -3780 4167 9913 159 2332 -686 -5445 7556 6521 3951 5018 1435 4273 8072 -2164 
-5978 5839 1245 -3890 -6454 2813 4560 209 -7942 2690 -6693 -8243 -5541 -1268 -4567 135 4952 5952 -3600 -8537 -1716 2066 -7630 -7807 -1412 6322 3563 6375 -3053 1635 -5789 969 -2526 5457 7080 -2627 -5378 -2008 3934 -6968 7034 
3593 -8859 7845 -7675 -3425 -2020 7277 -7473 732 5092 -2836 -7202 7463 -643 -2262 137 -7080 -9535 7084 907 -5323 -1946 4733 6486 -8514 8458 7460 -522 2393 -9507 -3488 -4014 -8366 -5643 -1688 -1791 -1311 -8059 -2911 9421 3386 
605 8571 849 6314 -7338 7338 9234 -6873 4422 -3507 -2196 8828 7578 -9358 -9686 6037 8103 -3856 -1570 8596 2656 4416 6582 3365 9080 -8856 -7946 -8978 -1767 7827 4408 8838 2751 -8391 5152 5413 8947 738 8540 -279 3583 
-7303 -1450 1161 -6661 -4784 -2802 7794 1361 1980 6390 -9631 -3603 2973 87 -8171 4117 -1507 -7149 8702 -3679 3611 3892 5424 5220 -4604 837 519 2486 -4271 -9759 -7579 -5222 -4857 3582 -1882 -3289 7133 -4088 4424 -4535 8655 
